0.984833
0.996167
0.996667
0.996667
0.996667
0.996833
0.996833
0.997
0.997167
0.997167
0.997167
0.997167
0.997333
0.997333
0.9975
0.9975
0.9975
0.9975
0.9975
0.9975
0.9975
0.9975
0.9975
0.9975
0.9975
0.9975
0.9975
0.997667
0.997833
0.997833
0.997833
0.997833
0.997833
0.997833
0.997833
0.997833
0.997833
0.997833
0.997833
0.997833
0.997833
0.997833
0.997833
0.998
0.998
0.998
0.998
0.998
0.998
0.998
0.998
0.998
0.998
0.998
0.998
0.998
0.998
0.998
0.998167
0.998167
0.998167
0.998167
0.998167
0.998167
0.998167
0.998167
0.998167
0.998167
0.998167
0.998167
0.998167
0.998167
0.998167
0.998167
0.998167
0.998167
0.998167
0.998167
0.998167
0.998167
0.998167
0.998167
0.998167
0.998167
0.998167
0.998167
0.998167
0.998167
0.998167
0.998167
0.998167
0.998167
0.998167
0.9985
0.998667
0.998667
0.998667
0.998667
0.998667
0.998667
0.998667
0.998667
0.998667
0.998667
0.998667
0.998667
0.998667
0.998667
0.998667
0.998667
0.998667
0.998667
0.998667
0.998667
0.998667
0.998667
0.998667
0.998667
0.998667
0.998667
0.998667
0.998667
0.998667
0.998667
0.998667
0.998667
0.998667
0.998667
0.998667
0.998667
0.998833
0.998833
0.998833
0.998833
0.998833
0.998833
0.998833
0.998833
0.998833
0.998833
0.998833
0.998833
0.998833
0.998833
0.998833
0.998833
0.998833
0.998833
0.998833
0.998833
0.998833
0.998833
0.998833
0.998833
0.998833
0.998833
0.998833
0.998833
0.998833
0.998833
0.998833
0.998833
0.998833
0.998833
0.999
0.999
0.999
0.999
0.999
0.999
0.999
0.999
0.999
0.999
0.999
0.999
0.999
0.999
0.999
0.999
0.999
0.999
0.999167
0.999167
0.999167
0.999167
0.999167
0.999333
0.999333
0.999333
0.999333
0.999333
0.999333
0.999333
0.999333
0.999333
0.999333
0.999333
0.999333
0.999333
0.999333
0.999333
0.999333
0.999333
0.999333
0.999333
0.999333
0.999333
0.999333
0.999333
0.999333
0.999333
0.999333
0.999333
0.999333
0.999333
0.999333
0.999333
0.999333
0.999333
0.999333
0.999333
0.999333
0.999333
0.999333
0.999333
0.999333
0.999333
0.999333
0.999333
0.999333
0.999333
0.999333
0.999333
0.999333
0.999333
0.999333
0.999333
0.999333
0.999333
0.999333
0.999333
0.999333
0.999333
0.999333
0.999333
0.999333
0.999333
0.999333
0.999333
0.999333
0.999333
0.999333
0.999333
0.999333
0.999333
0.999333
0.999333
0.999333
0.999333
0.999333
0.999333
0.999333
0.999333
0.999333
0.999333
0.999333
0.999333
0.999333
0.999333
0.999333
0.999333
0.999333
0.999333
0.999333
0.999333
0.999333
0.999333
0.999333
0.999333
0.999333
0.999333
0.999333
0.999333
0.999333
0.999333
0.999333
0.999333
0.999333
0.999333
0.999333
0.999333
0.9995
0.9995
0.9995
0.9995
0.9995
0.9995
0.9995
0.9995
0.9995
0.9995
0.9995
0.9995
0.9995
0.9995
0.9995
0.9995
0.9995
0.9995
0.9995
0.9995
0.9995
0.9995
0.9995
0.9995
0.9995
0.9995
0.9995
0.9995
0.9995
0.9995
0.9995
0.999667
0.999667
0.999667
0.999667
0.999667
0.999667
0.999667
0.999667
0.999667
0.999667
0.999667
0.999667
0.999667
0.999667
0.999667
0.999667
0.999667
0.999667
0.999667
0.999667
0.999667
0.999667
0.999667
0.999833
0.999833
0.999833
0.999833
0.999833
0.999833
0.999833
0.999833
0.999833
0.999833
0.999833
0.999833
0.999833
0.999833
0.999833
0.999833
0.999833
0.999833
0.999833
0.999833
0.999833
0.999833
0.999833
0.999833
0.999833
0.999833
0.999833
0.999833
0.999833
0.999833
0.999833
0.999833
0.999833
0.999833
0.999833
0.999833
0.999833
0.999833
0.999833
0.999833
0.999833
0.999833
0.999833
0.999833
0.999833
0.999833
0.999833
0.999833
0.999833
0.999833
0.999833
0.999833
0.999833
0.999833
0.999833
0.999833
0.999833
0.999833
0.999833
0.999833
0.999833
0.999833
0.999833
0.999833
0.999833
0.999833
0.999833
0.999833
0.999833
0.999833
0.999833
0.999833
0.999833
0.999833
0.999833
0.999833
0.999833
0.999833
0.999833
0.999833
0.999833
0.999833
0.999833
0.999833
0.999833
0.999833
0.999833
0.999833
0.999833
0.999833
0.999833
0.999833
0.999833
0.999833
0.999833
0.999833
0.999833
0.999833
0.999833
0.999833
0.999833
0.999833
0.999833
0.999833
0.999833
0.999833
0.999833
0.999833
0.999833
0.999833
0.999833
0.999833
0.999833
0.999833
0.999833
0.999833
0.999833
0.999833
0.999833
0.999833
0.999833
0.999833
0.999833
0.999833
0.999833
0.999833
0.999833
0.999833
0.999833
0.999833
0.999833
0.999833
0.999833
0.999833
0.999833
0.999833
0.999833
0.999833
0.999833
0.999833
0.999833
0.999833
0.999833
1
1
1
1
1
1
1
1
1
1
1
1
1
1
1
1
1
1
1
1
1
1
1
1
1
1
1
1
1
1
1
1
1
1
1
1
1
1
1
1
1
1
1
1
1
1
1
1
1
1
1
1
1
1
1
1
1
1
1
1
1
1
1
1
1
1
1
1
1
1
1
1
1
1
1
1
1
1
1
1
1
1
1
1
1
1
1
1
1
1
1
1
1
1
1
1
1
1
1
1
1
1
1
1
1
1
1
1
1
1
1
